000040100002078500000952067300000872070839040468000009530216000006480900004090000
001000806002000400600010020320109760008607100076503048080070009003000200907000600
300020097000100306600090540017430000502907104000016750035060009106009000240070005
700006950090500000580090360200400003968000412300002005045020036000004080032600009
500100040600070900409503070007854093080000020930721600050906304001080009090005002
680020407000500090090178030000700064300914005740003000020865010070001000109030026
570000046010604700000009521034070602000308000107040850321500000009401060450000017
700050900010403006020070008082500167000628000356004890100060050200307080007090003
000200030500093640030067098800000003951308267600000009760430020089670004010002000
285004907000100600010590003108000500050000090006000804700069080004002000509700426
000800005570169083000350201000291800008000900006587000801035000760928034300006000
450000390962050080010089605004500000003908100000004200105890070040070518086000023
210000050065030010000019206000184309040603080806795000507840000020060590080000071
020090806000800734800050100501038602003000400209470305008040003652007000304010080
430108072706209100000070940001500000970000051000003600047080000005702409890401063
700000501008503060250401030500800040001904200090002008070205084040307900802000003
029600400000005006056720000000068354603050208548310000000043670300100000002006830
000791003390025000501000700084900370100307008073008540002000907000270034700814000
040080200650009870807302600900000432006000100521000008003405701065200084004070020
700004105060080790001250060508036000012000840000120607020043500054010030106800002
008509070100038604400010003000000460960473015014000000800050006205860009040107500
032600004841000020005200310000930406090706080506012000058009200070000931300007860
007940001100050608060003740045021000709000503000790160071500090403070002900032400
065007010720100830004350000008020000532090164000010300000071500071005082050800790
002809106300005490000416000004500830100080005035007600000174000058600004901308700
009506100017800206000200857082430070000000000060052940498007000106004720003605400
208963007593000004010002008000039005009807200300650000600400080800000536900386402
000009643203004010804310900000006350340000069075800000001038507030500406586900000
704000000926300100003076450007214065000000000560798300018530200002007516000000809
680031750010500400079048000490000502000407000701000046000750310005002090067190085
005007100000390000040205076034900010190463057070001930820104060000089000007500400
050090207280407600904500830300000080408000506060000003046001302009702054702050060
075800620060000970002075010007030002020050060900080500030420100081000040046008250
700801093000090050003507601300000045007604200980000006408905300030060000650702004
800701362040000708010080900000824600020050040004639000008010030203000090195403007
800059020500700904000003015008970102020301090903082400270600000106005007080140009
000203040040008502502709000600930008094020310800076004000301907307400080010507000
071082050520019000069050001010900500002040800007005090100030270000470018080290460
000005039030000100160900007602093710700481006091620503400008091009000060520100000
230001000000062900640097030860009500300625001002700069010930076006170000000200098
700091345901304000043008700600000204070000030104000008005400610000602503816950007
050890420900140000000300150700900640003714500049008001096001000000083004084059030
600500000025340079000100005400905860001080300056203007700004000580092710000001003
480520030100630208023000090030070002500010003800050060060000450305087009090065081
180407600946513000070000004000900060309201705020006000600000010000198326001704098
016090507007014038000000960038062000020301080000450320074000000650840100209030450
061584700020071090700000010650708000200090006000105079080000003090840050005316920
300060040805002061016704050002000437050000090498000600070308910580400306030010004
000601802080300040200000900500862139090104060126937005002000006030006010609403000
409000705000008100807190600060081059100050004290630070006012407001800000702000908
049100000010208900300940007050427013000301000130659020200013005001804090000002470
028109075000000624000602080000794500000000000002836000080301000463000000570408230
109360508080000001300800940051020093600000007740050120068003004200000060507046309
905406000070820000062709300716000802040000090309000517004905720000087030000304108
020500049809020006470000021000090065502403107610050000960000013700080602250009070
000740130040006500072150804710000902000907000905000046208031470001400090057098000
050043702067010940000070060003000051600584007570000600040020000038090510706150030
310000000728005430600304020001002643000906000276400100080701005035200917000000084
960308000104006090027901600031000450000104000079000120006509230090400806000207019
013208060408500000007041900100400006080719040500006007005980600000004302040302850
005900070000070010640100090390002401071864320402300058020008036080020000050001200
050000072370500004014070605200104009100809006900706001501080460700005098460000050
906050123000003000320900405800000090030897010060000008502001039000400000678030501
283007009010804000005900300004076801100000007802390500007005100000709080600100792
500963000046080230003520006090840010001000800030091060300052900019030520000719003
739400001600302400241000006003040080000508000010030900900000368008609004100003597
091402070206508100700060000904000600050601080007000201000040002005903704070205360
480300000020870350006051008007200540000000000059008700600130800078062010000005064
000060705700050064000801000009700531071905640435002900000106000650080003107020000
000004700723000904059273000018300500000685000005007430000761380501000672007500000
709564000040000079806900000504637000060209040000451308000006504630000090000798206
945020310200130490010059002060900500000000000008006070800260030039081006052090781
001790000640800507209004008005060000796030812000080700900500403408009065000048900
600270800071908020002300096200093460000000000086410007460005100020106980008029003
000040600080050903300076108070014005148000239200380010601730004402090080007020000
090000007806019000041800000082090506900684003307050890000008640000170908100000020
240060000390050106000914082050003200400000001003400050510249000906070025000030019
400008905090405280056023000000000007305769102600000000000530820048201060502800009
530072001700501020000804060090000347800403002324000010080209000060305004900740038
001460000256900070800005100537200460000040000064007328003100009090006513000094200
027040106046700003000006400200008009985000714600900002001800000400007290702090860
700056100048300070105040006000470890407000305013068000800030902090005410004710008
500000700001500046047180530370090104008000200602030079023068410850001600009000008
058007003319056008700030000080760020000903000060084030000010005600340897400800260
603400050000127083000530400315060040060000010040010276002079000180243000090001802
002003007700000109098460002007300005021806970300005600200089350903000006600200700
041509062057000008000030000010007340030891020076400010000010000500000490180302570
000000904094370620501060000000000250053712840076000000000040308039087560702000000
003000905097805010400103070009500040500704006070009800020308009030607580806000100
103007008807051004000003100000700006461308957300009000006100000700530209200900605
500070100010006300060102908081435002070000030400769810109608040006500090002040001
000000009200400700967018023000800012104605307580007000870350294005004008300000000
003087012000000500900052008076400085800729004140005270500210009001000000390570800
000002074002013600100804090031569020000301000060427310010208009003940700940100000
000900305080005702103000986040090057000807000870020030634000501501700090708001000
803009701040005068006078200504000019030000070170000304005210800390800020402300107
002500608083000905005790002401000097039000560570000304300046200906000480804001700
600009050019008730085020000402035000860000072000280903000050860026800190070100005
000010080286007590750000403000090045004351800570080000603000018025800967090020000
007310600900007020160005040005072010780106032010930700090500071070400008006081300
000200846320800970080507010860350007000000000200018034090705060037004029542003000
400803079291704000000600420038100000009502800000008340016005000000309251520407008
140900506903400001000037940060801000800205007000603080025710000400002105708004093
