008020003090060702070010080000001007010702030700800000030080050805090070200070400
710030502060000700004700000030400056000903000420008030000007900002000060503020087
000067000420010000806300100000900036070030040260008000001003508000070019000680000
800000300034000072610002080000507000007000900000603000060100047720000890005000006
300006094058042000400000010000079000060000040000860000030000007000510380870400005
000610008007090051004300900000040027000703000750060000008007100270030800500084000
074902001080007050260005000400000500000090000008000004000500076040800030700103240
000607000004029000980000006038002400005000200006700590300000075000180600000405000
100680709000940010400007000200003500900000008007200001000100007020078000703029005
009040070300710000060800000403600000807000402000002301000008020000097006050030700
000500200002487000000960015620000009007000500400000031270059000000714800009003000
019028000080300090000001003002000340500060008047000600900500000070002080000670530
001000500500123000009700000010002097600000002830900050000004600000516003004000700
000600000590040300270005009005100004400000001300008200800500027003070085000009000
000004000004320000308000904000840730100000009035091000509000308000076400000900000
000006900000002316200043000700400800050000070003007005000510008895300000006200000
000058004702000906000700000260073000003000700000940065000004000906000407400610000
710005000050069000900000008200400900089020760006007002800000003000210080000900047
932010007100000300070020800000000704700409002509000000008090070007000003300070546
000300000850200000097006050009070000706804503000020100020500730000002064000001000
240080050000400209009000000800504700020000010006103002000000100905001000010090063
907005300000200000305060010050800600006000800001004070010090504000003000004500907
034000000001570602000060000000058200300904006002730000000090000509087400000000150
400072090306000000020048001041080050000000000070020180200490010000000204050210009
000001804000060300060450000090600208103000706607005030000097040005010000901200000
050000602000280000200006190700040000032070910000060003018500009000039000304000020
003800000090006001070002004004600029006000400950001800500900060200400070000003900
060002108400100200500090300000009000210406075000500000002050006003004001106900020
000203900000004123009000080001009070004010800090600400020000600467100000008406000
090004500000780200700006001000100007820060053400003000200500009001038000009600010
000509031000000900380600205006400070800000002090002400901005084005000000230907000
004009050090048300000003070480007200600000005007200046040300000008910020050800400
950070000006900730000048009030000005000385000400000060200490000019006200000020018
050090080000000000301402000590100607006020800203005014000801305000000000040030060
080090600002840001604000000000128004800000009300964000000000506400087100009010030
802003007000072690070060000000000010051809730020000000000050060049280000600300805
004060000723490008000000020400208000008050600000106009060000000900025146000010300
300010008700000500681200009000000403000624000407000000200007391004000007800060004
460000100000023000700008020270900800600000002008002059030800005000540000001000086
000007604003000007720060080000049000587000491000870000060090075200000800804700000
000106047180000500900400008000067800600000009008350000800003001003000096240609000
002053704000006500390200000000000630100020009074000000000007082009800000703410900
000050906480200300700300000000000710260070095047000000000002003008005071302080000
030100000501480070208000001000006007059000460600800000400000906010032804000004030
000100004000000070000700382390002500087040210002500097426003000070000000900007000
000870030800019004002300700009000401000060000705000600007002300200180005030047000
728000000060300050000040002010072000004905600000680010500060000040001060000000481
100300007900600040008090000014000800803050104009000670000030700030005001600007002
003900405007100003000025100060000040104000506050000030001530000600004700405008300
079200000000098007008010003040009702020000060907500010700040900100360000000001270
000300000020400730070020080700006100009702400003800002030060050087005020000003000
008007000900001005040008007006900300804010602005002400100800060200100003000300900
802070400300900100067004000600007209000000000205400006000500820001006003003010607
050004129030060080008000040084000000000658000000000810040000700010020030362500090
070000000002080060015006000093260005000103000200078630000900740080030100000000050
520087009000000204000050000100730000030509060000028001000060000903000000400270016
000000700000070946086000000000180003370409085200053000000000520452060000003000000
600070008801400600000090050000500026200000009490003000010030000003005701500060004
000090003003507000900300070010900007056040930200005060080006002000109500400020000
000358700070000080000004010104500008005000200700001603020900000040000090003287000
050000090000800260000140500300006010805010306010200008007038000064007000080000050
080720450900000001006000000007900030020503060030007900000000800800000005093085070
090060030600029500050100060000000640004508900082000000040006090009340006020090070
400080000052700600000900004300007000907401306000600001100009000005006430000020008
000090000071003600008100003039260040000030000050017390700005100005300970000040000
300810006058900000200000400000039501500000003906520000004000009000003740700068005
008300000040079200600000070050140000401030709000025080010000003005780060000003500
301900000400500070800006004000090002054070630600030000500200007060001003000003406
510000000900006500004089070025003040000000000080400310060340700002700001000000053
003180000020000007804005000007019000205060401000230700000300908100000030000047600
054000000000060000080370064000023090100806002090740000910034050000010000000000280
001302000000001054040007020039000200004030100007000960060100070170900000000204500
030020009040008000200001605050000108700030006904000030802900003000500020500070080
437000005000008600010007030002006090000951000050400100020700080006100000500000271
200065940040000370000004006070900000803000407000007010600200000059000020082490001
400200030820740000000006005000100960007000800063007000500600000000071094070009006
000509000032040006000007930000200804700000003408003000051700000600080250000105000
040009038001040000009800500006070380020000070038060100005004600000050400490600050
000001254000084010000290080000000630006307100042000000070012000090450000258900000
010007000020530100837600000000200079000010000290003000000009584009046020000100060
807040003003800000940100050000200300100030006009008000020004078000005100300090504
090630040405209030000001000000103702000000000903702000000500000020904108050016090
070005000009001004500004002030200060290040031050007090600400007800100300000800010
000000009021406700700059006002000008070105020100000900800630002007901840200000000
705010009030008600009050000290800030600000002050002096000080300004300060100040207
083001495070040000006800000608000300000030000005000109000007500000060010497300620
010700000600002070000065042708006000006000900000500207390640000040300008000007010
003260905680900400000000360000070000096000540000090000067000000002006083301047600
900000050070010090060005234590000000000169000000000049317600020040030070050000008
000007051370000846001080000000050008080109070500030000000070900745000012260400000
008000000000900506010207030200091600060000090009750001040302050507008000000000400
000060487018402000900000000065000004400070002100000690000000003000809270274010000
004700081070008000000250040700000300095010760006000002050076000000300020180009500
006005020003790800400000003000078300001000200008530000500000002002017500090800700
500040030000106002004200009000020003025030490300070000100005800900802000050010004
500000210093180000600020700302500060000000000050008903006050002000019480034000001
000001452000280090000057010000000270008903600036000000080740000040012000752800000
400700000000000020070968000094500016003040200710006580000613050050000000000007008
000500010924000700000072080000820000602010509000063000090740000007000861030008000
150400009004200030000060000907045006001000700800970103000050000090004600400003078
