010020300004005060070000008006900070000100002030048000500006040000800106008000000
010020300002003040050000006004700050000100003070068000300004090000600104006000000
010020300002003040080000006004700030000600008070098000300004090000800104006000000
010020300002003040050000006004200050000100007020087000300004080000600105006000000
010020300002003040050000006004700050000100008070098000300004090000900804006000000
010020300004003020050000006002700050000100008070098000300007090000600102007000000
010020300002003040050000006004700050000100008070038000300005090000600104006000000
010020300004001050060000007005400060000100002080092000300005090000700106007000000
010020300003004050060000007005800060000100009080092000400005090000700106007000000
010020300004003050050000006005700040000100002070082000300005090000600105006000000
010020300002003040050000006004700050000100008070068000300004060000500104009000000
010020300002003040050000006004700050000100008070095000300004090000900104006000000
010020300004005060070000008006300070000100002030092000900006040000800106008000000
080070100003002090060000004009500060000700005020041000100005020000200901004000000
010020300002003040040000006004700050000600008070098000300005080000800104009000000
020010700003008060010000003008600050000900004030021000400009080000500901007000000
010020300003004050060000007005800060000100002080072000400005090000700104007000000
010020300002003040050000006007800050000100004080094000300007090000400105006000000
010020300004003020050000006007600050000100002060072000300008070000900108009000000
010020300004003050060000007005800060000900001080012000300005010000700506002000000
010020300004003050020000006005700020000100008070098000300005090000900205006000000
010020300004003020050000006007800050000100002080042000300007040000600807006000000
070050800005008020010000009008100050000200001090034000900002030000600107006000000
010020300004005060070000004006800070000900002050017000400006050000400906008000000
010020300004005060070000008006900080000100002090032000200006030000800105008000000
010020300002003040050000006004700050000100008070098000200004090000600704006000000
010020300002003040050000006004700050000100008070068000300004090000800104006000000
010020300004001050060000007005800070000900002080014000300005010000700905007000000
010020300004003020050000006002700050000800009070019000300002010000600805006000000
010020300003004050060000007008900070000100002090082000200005080000700105007000000
010020300004003050020000006007800040000100005080095000300007090000600107006000000
010020300002003040050000006004700080000100003070068000300004090000600104006000000
090020500004005010060000003001800060000900002080072000500001070000300901003000000
010020300004001050060000007005800060000100003080092000300005090000700102007000000
010020300002003040050000006004700050000100008020098000700004090000600104006000000
010020300003004050060000004005700060000100002070032000400005080000900105009000000
010020300004003050060000007005800040000100002080092000600005090000700105002000000
010020300004003050060000007005100060000800002080092000300006090000700205007000000
010020300004005060070000008006900030000100002090042000500006040000800106008000000
010020300004003050060000007005200060000100008020048000300005090000700205009000000
070040800009005060060000003004100070000200006020034000100008090000600401007000000
010020300004003050060000007005200040000800001020091000300005090000700805007000000
010020300004001050060000007005200060000800009020019000300005010000700805007000000
010020300004001050060000007005800060000900002080014000300005010000700905007000000
010020300004003050060000007005800060000100002070092000400005090000700105007000000
010020300004005060050000004006700040000100002070082000300006080000900106009000000
010020300004003050020000006005700080000100002070098000800005090000600105006000000
010020300004003050060000007005800040000100008080092000300005090000700605007000000
010020300004005060070000008006900040000100002090032000500006030000800906008000000
010020300004003050060000007005800060000100002070092000300005090000700105007000000
010020300002003040050000006004700050000600008070098000300004090000800104006000000
010020300004003050060000007005800060000100009080042000300005040000700908001000000
070060900006002030020000006003100040000200008050034000900003020000700105008000000
010020300004003050060000001005700060000800002070012000400005090000400805007000000
000943000060010050000000000800000003750060014100000009000000000020050080000374000
000123000040050060000000000700000003860040092900000001000000000050060080000392000
000123000040050060000000000700000003860040072500000001000000000070060050000382000
000123000040050060000000000500000007360040052700000001000000000080060040000732000
000123000040050060000000000100000003760040082500000009000000000090060040000378000
000123000040050060000000000700000003460080052500000001000000000090060040000392000
000427000060090080000000000900000008120030045500000007000000000040060030000715000
000123000040050060000000000200000003760040082400000001000000000080060030000372000
000123000040050060000000000100000003360040052200000007000000000080060040000972000
000123000040050060000000000800000007460080052200000001000000000050060040000731000
000123000040050060000000000100000003760080052800000009000000000080060040000372000
000651000040020080000000000700000009120030045800000001000000000030040020000719000
000398000050010060000000000800000009120030045700000008000000000040020010000769000
000123000040050060000000000200000003570040082100000006000000000060070040000392000
000123000040050060000000000700000008810040027500000003000000000090060040000387000
000123000040050060000000000400000003560040072700000001000000000080060040000372000
000123000040050060000000000700000003460080052500000001000000000070060040000394000
000123000040050060000000000200000007760040082300000001000000000090080040000376000
000123000040050060000000000100000003560040072800000009000000000070060040000382000
000427000010090080000000000700000005120030046800000002000000000040060090000715000
000398000050020060000000000800000009620050041700000008000000000040060020000419000
000123000040050060000000000500000003760040052400000001000000000080060040000372000
000758000040060010000000000700000008120030045600000009000000000030010090000826000
000123000040050060000000000100000003760080041800000009000000000080060090000372000
000123000040050060000000000200000007360040052400000001000000000080060040000712000
000123000040050060000000000100000003260070081900000002000000000080060040000294000
000123000040050060000000000700000006360040082200000001000000000080060040000732000
000123000040050010000000000200000006670040052800000003000000000050010040000862000
000123000040050010000000000200000006630040072800000003000000000050010040000862000
000123000040050060000000000500000003360040057700000001000000000080060040000237000
000123000040050060000000000400000003760040052500000008000000000070090040000312000
000123000040050060000000000200000007760040082500000001000000000090080040000372000
000123000040050060000000000200000007760080092500000001000000000080060040000372000
000123000040050060000000000200000007780040092500000001000000000050090040000372000
000716000030050020000000000700000006120030045500000001000000000090040080000182000
000000000001203400020010050010000060004050700080000020050020010007104300000000000
000000000008203400090060020010000060004050700080000090050020010007104300000000000
000000000001203400020010030030000050004060700050000020080050090007104200000000000
000000000001203400020010050010000060007040800090000020060050090008904100000000000
000000000001203400020010030050000020004060700080000060090080050007604200000000000
000000000001203400020010050010000020006040700080000060090050080007804100000000000
000000000001203400020010050050000020003060700080000040040050010007806900000000000
000000000001203400020010050010000060004060700050000020080050010007104900000000000
000000000001703400060080050010000060009050700080000020050020030007104200000000000
000000000001203400020010050050000040003060200070000080080050070006709300000000000
000000000001203400050060090070000010003080200060000050010090060004305100000000000
000000000001203400020050030060000070003080100050000060080060050009104800000000000
000000000001203400060090030020000090003080100090000060080060070005104800000000000
000000000005709400020050060010000050004020100030000020050060030007304800000000000
000000000001203400020010050030000020004060500070000080090080070006401200000000000
000000000001203400020010050010000020004060700050000030030050060006407800000000000
000000000001203400020010050060000040003070200050000080080060090007108300000000000
000000000001203400050010060070000020003050800060000040020060070008109300000000000
000000000001203400040010050050000060007040200080000090060050080002609300000000000
000000000001203400050060070080000060005070100020000040030080090002104300000000000
000000000007605400010030050030000020004060800080000090090010070006807200000000000
000000000001203400020010050030000060004070300050000020060050010007104800000000000
000000000006302400050010070090000030002050700010000040030070010007604200000000000
000000000001203400030050060060000030007080100050000070070060010002405900000000000
000000000008503400020070090010000050004090700080000060090020010003804500000000000
000000000001203400050060070070000010003080200090000050010090060004305100000000000
000000000001203400020010080010000060004050700060000020080020050007904300000000000
000000000001203400020010050050000020003060700070000080080050040007901300000000000
000000000006503400020070090010000050008030700090000020050020010003804500000000000
000000000006703400020010090010000060004050700070000040090020010007604300000000000
000000000006703400020010050010000060004050700070000040090020010007804300000000000
000000000001203400050060010020000070003080200070000090080070050002409100000000000
000000000006203400020010090010000080008050700090000020050020010007104300000000000
000000000001203400050060020070000060004050800020000040060020070008601300000000000
000000000001203400020040050060000040007030100050000080080050060003908200000000000
000000000001209400020010030030000020004030700080000090090080050007403200000000000
000000000006703400020010090010000050002080700070000040030020010007604300000000000
000000000001209400020080060010000050004050700030000020050030010007104300000000000
000000000009203400080010090010000050008020700090000020050080010004506300000000000
000000000006702400020010090010000050005030600070000040080020010007604200000000000
000000000001203400040050060060000070002040800070000090050060030008401500000000000
000000000001203400050060020070000060004050800020000010060090070008604300000000000
000000000001203400050060070080000060009070300060000020010080050007409100000000000
000000000006704100030050090010000030004030700080000050090020010007608300000000000
000000000001703400050060080070000010003080200060000050010090060004305700000000000
000000000001203400020050010060000050007080300050000090090060080006104700000000000
000000000001203400050060020020000070003040100060000080040070060005108700000000000
000000000001203400030050060070000080009010300040000050060080040002907100000000000
000000000001203400020050060070000010003080900060000050040090080002407300000000000
000000000006702400050010090090000050002080700070000040030090010007604300000000000
000000000001403500050060070070000010003080200090000050010090060002105400000000000