070090600400270005000008043800006009040000070200500008610800000700025006004060020
809000742000000090004109000290064000003010900000930028000706300040000000586000204
400000000200309400003054290540703900100000004002906085024180600007602001000000008
060250007000003060004710380003000200026030510005000800019027400080100000500048090
078600940000008000500430086005000008090305010700000500280067004000200000056004120
300000700006000091940700008030916500000030000007584010200005073850000400009000006
092640050003005000500030000065004830008070400047300120000090002000100700020087610
000040900806970500070300046900000150600000009025000004590003060007062308002080000
050010038800073409040500000000000006060347020900000000000006090501830007230050010
003007042800040090005392080000004607000209000204100000030918200090020001620400900
050708400000050000300000760034500600001386900006002830087000001000020000003905070
040060000000900006520004103015007800300040009009200750108700042700009000000050010
300005007600040109710009000002900800000486000006001900000500091504090002100700005
000000304006050010020039008241000739000040000587000462400720090070060100908000000
000001800000203609380040000900720000520309064000068005000030078405807000006100000
000000970980700002072040000014300050290000013050001460000050780300006091045000000
305200008090500030020089007000000049807000603540000000700690080080002060400001902
012000500070015080580000000450207360000050000097304051000000098030470010008000720
002700010006239450040000070680073000000105000000820047020000080068352700030004100
980000051002800900010200000006700402090000030304005700000009040001008600260000073
230005804000800030000713206000000120580000047024000000408396000010008000703200085
805700000029040000040003000106250900090030080008079603000500020000080540000001307
018090706600000000950800000020903000007658900000402030000004092000000005703020860
000000827070006500000087960102300090060000080080001302039210000004500030615000000
034610089700900000000780006017000035400000001590000460600071000000009007370046190
030008270000703060006000090400030502200614007103080006020000400010306000087400020
006003570003001040080600300009400050002010900030002700004007080010300600078900400
000007001604009780000028409076000004000000000400000970703640000068900503900100000
000958007207400090005010000530000040074030250020000036000020800060004503900376000
400030700090100000860004300010000002740312095500000030004700083000005060005020004
500000070070005023000108090001020908003591700607080500010803000730200080040000001
010900007095070008002100400309001040000080000080200503007005300600040910500009070
000800060090000100634192000000001607176000485308700000000359746005000090060007000
800002300070030090200891560000007050008000200040100000096418005010070030005200009
074009000000067548005000700030072000040631050000890030006000300952340000000700890
000600050004000863900807240651004000000000000000300592046103008819000400020008000
108060200900200008005008100090070503500000007203080010004800600300001005009040301
060070008819000370007004960000600001000209000500008000093800400042000583700030020
200900803000028060507300090090000040104609507070000010050003409060870000703005006
300090600007200100096030000083000267000302000512000340000050920001003700009020003
070003050305000002900048000092000703060020080403000210000610007200000506030800020
000700000040000056307009124008062003000000000100530800216800509450000080000005000
000400000060000340402006958600074500000000000007980006593200701048000030000001000
000840007006500900900000018260000490008090500093000076610000009007006100300025000
000000000050800029920504000030900500095207130006005040000702096210008050000000000
007531000000000000500406029002008730350000082018300600860903001000000000000764200
004050080001003600000080405463000807000308000908000321305020000006800100080030500
040001006000082170080730900005069010060000030070350200009075040026940000400600090
250034000730900008004000070560080000300090007000060024020000700800002049000670083
480039070007020900000000603000280094005000100270014000604000000008060300030190065
008002900020004008070010405300600290000030000094005001402080030500400080006500100
982400006000290000030010050009000400001308200007000800070050080000049000200003574
605190008090000000108300090300000100009268500002000006030002705000000010800057309
000093401000040200070000069000000602430261057208000000610000090003010000905630000
765090200000000090900100500140500806006000300807004029001006003020000000009050682
300200000701300040002900600026405007003000500500107960007009300030004106000003009
200006900900570400071090300100005000067080190000600008006050230002064009005900006
001005030060000290500429000000050080090306070050040000000237001032000060040800300
502003001300860000060100003600408930000010000037509004700001040000034008900200106
080005003000908405502340009000007900800000002006200000200091608108603000900700050
020047030000600540060030108000090065000425000390060000906010050071008000050970020
089040030206000090703010004001008040090060010070900300500090603060000401010020850
060019500709800001020000006081090003600080009900060780500000020800007605006950040
000002007000130008026000091063000080001395400050000170490000760800024000600500000
070400030406200008030067009000000085107000903680000000900630040300004501010005060
921005000040900800500403000800039000016000980000650002000301009008002060000500138
500040009000009120000062305000030800038090510009020000905210000084700000300080006
001030000590400000004010329200003050105080203030200006657040900000008035000050700
000085300025004800800600400000840010102050704050027000006008007009400280008730000
025040037700900000096705000050080000219000586000050070000201890000004003560090740
000258040000001370400000000015084700703020401002130590000000003054800000060719000
020300807000010000093007065004200008080409010200006400530100670000090000602003080
008006000250008000906007005000680070304010908070042000700500302000800047000900800
004090500108004069020000070512300006000000000600009853060000010270800405005020600
071408600000000000000936005530200007027000360400003092700845000000000000009301240
007010006430000000050780300794000185000050000685000237008023040000000052100090600
090670004004000607010900030000700940800060001069001000070004020908000400500026080
040010000900200307730009020004000080300472005050000200080900012409005008000030090
903500060000974050000601800070040005030708010400020030004807000060413000080005601
609008007000000150103745209400073000000000000000520001504987302091000000300100906
080060240006005007005004000090000704400106003507000080000600800800500400059010030
000250009000000502800106040090370806000010000504069030010905003405000000600081000
040300005810000060000187300020030000090604010000070030005948000060000048400002070
007031090906500008040920600009000007050000010400000200001063020300002801090810700
050060000860315020070004080086100003900000002500003810030900050020531078000070030
007050906000006570004000001000900028001328400860001000500000600016700000908010200
016003400040060023903000000080006700092080140001200080000000907270010050009300210
200760000003200047007004600570080000008000100000010085004900500850002900000075004
500094060006500020000060000034000652100000004259000830000080000020007300090230005
000239106005407900000000070500300600043060280001004009050000000008103700407526000
093000020000006804004007300830090012000248000460070058001800700508700000070000580
536000090910508600200006000000800243000000000451009000000100004003607029090000861
685090030020800500070020080500000400900070005008000006050010090007006050060080147
200004000030070049010002635064010000000000000000080720928500010670020050000100002
067000080003700090500001060000802609090000010806503000030600001020007500050000730
000900200000060005753020900081005007040291050500800190002080541800010000005006000
068400100004070060001803000000540006700000009400029000000601800010050600009004510
900018307300000100000470000002031705000000000503720600000097000004000001701680003
400000000306070002190080046200300100010060050009007004980040065600010407000000009
590800000002000080041500073710200050000000000050003041960002530080000100000006027
